const int kernel_size = 29;
const int P = 14;

// 29x29 kernel lookup table
const float kernel_lookup[841] = float[](
    -0.00039319, -0.00043855, -0.00048893, -0.00054443,
    -0.00060494, -0.00067004, -0.00073885, -0.00080996,
    -0.00088135, -0.00095038, -0.00101385, -0.00106828,
    -0.00111021, -0.00113670, -0.00114577, -0.00113670,
    -0.00111021, -0.00106828, -0.00101385, -0.00095038,
    -0.00088135, -0.00080996, -0.00073885, -0.00067004,
    -0.00060494, -0.00054443, -0.00048893, -0.00043855,
    -0.00039319, -0.00043855, -0.00049337, -0.00055515,
    -0.00062432, -0.00070102, -0.00078503, -0.00087550,
    -0.00097078, -0.00106828, -0.00116427, -0.00125405,
    -0.00133218, -0.00139311, -0.00143194, -0.00144528,
    -0.00143194, -0.00139311, -0.00133218, -0.00125405,
    -0.00116427, -0.00106828, -0.00097078, -0.00087550,
    -0.00078503, -0.00070102, -0.00062432, -0.00055515,
    -0.00049337, -0.00043855, -0.00048893, -0.00055515,
    -0.00063101, -0.00071742, -0.00081510, -0.00092427,
    -0.00104437, -0.00117371, -0.00130905, -0.00144528,
    -0.00157537, -0.00169071, -0.00178201, -0.00184083,
    -0.00186116, -0.00184083, -0.00178201, -0.00169071,
    -0.00157537, -0.00144528, -0.00130905, -0.00117371,
    -0.00104437, -0.00092427, -0.00081510, -0.00071742,
    -0.00063101, -0.00055515, -0.00048893, -0.00054443,
    -0.00062432, -0.00071742, -0.00082556, -0.00095038,
    -0.00109311, -0.00125405, -0.00143194, -0.00162314,
    -0.00182087, -0.00201463, -0.00219050, -0.00233247,
    -0.00242522, -0.00245751, -0.00242522, -0.00233247,
    -0.00219050, -0.00201463, -0.00182087, -0.00162314,
    -0.00143194, -0.00125405, -0.00109311, -0.00095038,
    -0.00082556, -0.00071742, -0.00062432, -0.00054443,
    -0.00060494, -0.00070102, -0.00081510, -0.00095038,
    -0.00111021, -0.00129773, -0.00151524, -0.00176310,
    -0.00203828, -0.00233247, -0.00263036, -0.00290908,
    -0.00313999, -0.00329373, -0.00334780, -0.00329373,
    -0.00313999, -0.00290908, -0.00263036, -0.00233247,
    -0.00203828, -0.00176310, -0.00151524, -0.00129773,
    -0.00111021, -0.00095038, -0.00081510, -0.00070102,
    -0.00060494, -0.00067004, -0.00078503, -0.00092427,
    -0.00109311, -0.00129773, -0.00154482, -0.00184083,
    -0.00219050, -0.00259419, -0.00304406, -0.00351931,
    -0.00398244, -0.00438008, -0.00465204, -0.00474909,
    -0.00465204, -0.00438008, -0.00398244, -0.00351931,
    -0.00304406, -0.00259419, -0.00219050, -0.00184083,
    -0.00154482, -0.00129773, -0.00109311, -0.00092427,
    -0.00078503, -0.00067004, -0.00073885, -0.00087550,
    -0.00104437, -0.00125405, -0.00151524, -0.00184083,
    -0.00224550, -0.00274409, -0.00334780, -0.00405698,
    -0.00484962, -0.00566744, -0.00640759, -0.00693516,
    -0.00712780, -0.00693516, -0.00640759, -0.00566744,
    -0.00484962, -0.00405698, -0.00334780, -0.00274409,
    -0.00224550, -0.00184083, -0.00151524, -0.00125405,
    -0.00104437, -0.00087550, -0.00073885, -0.00080996,
    -0.00097078, -0.00117371, -0.00143194, -0.00176310,
    -0.00219050, -0.00274409, -0.00346053, -0.00438008,
    -0.00553677, -0.00693516, -0.00850616, -0.01004980,
    -0.01122452, -0.01166921, -0.01122452, -0.01004980,
    -0.00850616, -0.00693516, -0.00553677, -0.00438008,
    -0.00346053, -0.00274409, -0.00219050, -0.00176310,
    -0.00143194, -0.00117371, -0.00097078, -0.00080996,
    -0.00088135, -0.00106828, -0.00130905, -0.00162314,
    -0.00203828, -0.00259419, -0.00334780, -0.00438008,
    -0.00580345, -0.00776468, -0.01041706, -0.01378616,
    -0.01748149, -0.02051617, -0.02170768, -0.02051617,
    -0.01748149, -0.01378616, -0.01041706, -0.00776468,
    -0.00580345, -0.00438008, -0.00334780, -0.00259419,
    -0.00203828, -0.00162314, -0.00130905, -0.00106828,
    -0.00088135, -0.00095038, -0.00116427, -0.00144528,
    -0.00182087, -0.00233247, -0.00304406, -0.00405698,
    -0.00553677, -0.00776468, -0.01122452, -0.01662342,
    -0.02441562, -0.03358874, -0.04119030, -0.04412542,
    -0.04119030, -0.03358874, -0.02441562, -0.01662342,
    -0.01122452, -0.00776468, -0.00553677, -0.00405698,
    -0.00304406, -0.00233247, -0.00182087, -0.00144528,
    -0.00116427, -0.00095038, -0.00101385, -0.00125405,
    -0.00157537, -0.00201463, -0.00263036, -0.00351931,
    -0.00484962, -0.00693516, -0.01041706, -0.01662342,
    -0.02762700, -0.04412542, -0.06146036, -0.07214981,
    -0.07499999, -0.07214981, -0.06146036, -0.04412542,
    -0.02762700, -0.01662342, -0.01041706, -0.00693516,
    -0.00484962, -0.00351931, -0.00263036, -0.00201463,
    -0.00157537, -0.00125405, -0.00101385, -0.00106828,
    -0.00133218, -0.00169071, -0.00219050, -0.00290908,
    -0.00398244, -0.00566744, -0.00850616, -0.01378616,
    -0.02441562, -0.04412542, -0.06880572, -0.07705955,
    -0.05599954, -0.03877522, -0.05599954, -0.07705955,
    -0.06880572, -0.04412542, -0.02441562, -0.01378616,
    -0.00850616, -0.00566744, -0.00398244, -0.00290908,
    -0.00219050, -0.00169071, -0.00133218, -0.00106828,
    -0.00111021, -0.00139311, -0.00178201, -0.00233247,
    -0.00313999, -0.00438008, -0.00640759, -0.01004980,
    -0.01748149, -0.03358874, -0.06146036, -0.07705955,
    -0.01348690, 0.14020751, 0.23164753, 0.14020751,
    -0.01348690, -0.07705955, -0.06146036, -0.03358874,
    -0.01748149, -0.01004980, -0.00640759, -0.00438008,
    -0.00313999, -0.00233247, -0.00178201, -0.00139311,
    -0.00111021, -0.00113670, -0.00143194, -0.00184083,
    -0.00242522, -0.00329373, -0.00465204, -0.00693516,
    -0.01122452, -0.02051617, -0.04119030, -0.07214981,
    -0.05599954, 0.14020751, 0.51421453, 0.72507808,
    0.51421453, 0.14020751, -0.05599954, -0.07214981,
    -0.04119030, -0.02051617, -0.01122452, -0.00693516,
    -0.00465204, -0.00329373, -0.00242522, -0.00184083,
    -0.00143194, -0.00113670, -0.00114577, -0.00144528,
    -0.00186116, -0.00245751, -0.00334780, -0.00474909,
    -0.00712780, -0.01166921, -0.02170768, -0.04412542,
    -0.07499999, -0.03877522, 0.23164753, 0.72507808,
    1.00000000, 0.72507808, 0.23164753, -0.03877522,
    -0.07499999, -0.04412542, -0.02170768, -0.01166921,
    -0.00712780, -0.00474909, -0.00334780, -0.00245751,
    -0.00186116, -0.00144528, -0.00114577, -0.00113670,
    -0.00143194, -0.00184083, -0.00242522, -0.00329373,
    -0.00465204, -0.00693516, -0.01122452, -0.02051617,
    -0.04119030, -0.07214981, -0.05599954, 0.14020751,
    0.51421453, 0.72507808, 0.51421453, 0.14020751,
    -0.05599954, -0.07214981, -0.04119030, -0.02051617,
    -0.01122452, -0.00693516, -0.00465204, -0.00329373,
    -0.00242522, -0.00184083, -0.00143194, -0.00113670,
    -0.00111021, -0.00139311, -0.00178201, -0.00233247,
    -0.00313999, -0.00438008, -0.00640759, -0.01004980,
    -0.01748149, -0.03358874, -0.06146036, -0.07705955,
    -0.01348690, 0.14020751, 0.23164753, 0.14020751,
    -0.01348690, -0.07705955, -0.06146036, -0.03358874,
    -0.01748149, -0.01004980, -0.00640759, -0.00438008,
    -0.00313999, -0.00233247, -0.00178201, -0.00139311,
    -0.00111021, -0.00106828, -0.00133218, -0.00169071,
    -0.00219050, -0.00290908, -0.00398244, -0.00566744,
    -0.00850616, -0.01378616, -0.02441562, -0.04412542,
    -0.06880572, -0.07705955, -0.05599954, -0.03877522,
    -0.05599954, -0.07705955, -0.06880572, -0.04412542,
    -0.02441562, -0.01378616, -0.00850616, -0.00566744,
    -0.00398244, -0.00290908, -0.00219050, -0.00169071,
    -0.00133218, -0.00106828, -0.00101385, -0.00125405,
    -0.00157537, -0.00201463, -0.00263036, -0.00351931,
    -0.00484962, -0.00693516, -0.01041706, -0.01662342,
    -0.02762700, -0.04412542, -0.06146036, -0.07214981,
    -0.07499999, -0.07214981, -0.06146036, -0.04412542,
    -0.02762700, -0.01662342, -0.01041706, -0.00693516,
    -0.00484962, -0.00351931, -0.00263036, -0.00201463,
    -0.00157537, -0.00125405, -0.00101385, -0.00095038,
    -0.00116427, -0.00144528, -0.00182087, -0.00233247,
    -0.00304406, -0.00405698, -0.00553677, -0.00776468,
    -0.01122452, -0.01662342, -0.02441562, -0.03358874,
    -0.04119030, -0.04412542, -0.04119030, -0.03358874,
    -0.02441562, -0.01662342, -0.01122452, -0.00776468,
    -0.00553677, -0.00405698, -0.00304406, -0.00233247,
    -0.00182087, -0.00144528, -0.00116427, -0.00095038,
    -0.00088135, -0.00106828, -0.00130905, -0.00162314,
    -0.00203828, -0.00259419, -0.00334780, -0.00438008,
    -0.00580345, -0.00776468, -0.01041706, -0.01378616,
    -0.01748149, -0.02051617, -0.02170768, -0.02051617,
    -0.01748149, -0.01378616, -0.01041706, -0.00776468,
    -0.00580345, -0.00438008, -0.00334780, -0.00259419,
    -0.00203828, -0.00162314, -0.00130905, -0.00106828,
    -0.00088135, -0.00080996, -0.00097078, -0.00117371,
    -0.00143194, -0.00176310, -0.00219050, -0.00274409,
    -0.00346053, -0.00438008, -0.00553677, -0.00693516,
    -0.00850616, -0.01004980, -0.01122452, -0.01166921,
    -0.01122452, -0.01004980, -0.00850616, -0.00693516,
    -0.00553677, -0.00438008, -0.00346053, -0.00274409,
    -0.00219050, -0.00176310, -0.00143194, -0.00117371,
    -0.00097078, -0.00080996, -0.00073885, -0.00087550,
    -0.00104437, -0.00125405, -0.00151524, -0.00184083,
    -0.00224550, -0.00274409, -0.00334780, -0.00405698,
    -0.00484962, -0.00566744, -0.00640759, -0.00693516,
    -0.00712780, -0.00693516, -0.00640759, -0.00566744,
    -0.00484962, -0.00405698, -0.00334780, -0.00274409,
    -0.00224550, -0.00184083, -0.00151524, -0.00125405,
    -0.00104437, -0.00087550, -0.00073885, -0.00067004,
    -0.00078503, -0.00092427, -0.00109311, -0.00129773,
    -0.00154482, -0.00184083, -0.00219050, -0.00259419,
    -0.00304406, -0.00351931, -0.00398244, -0.00438008,
    -0.00465204, -0.00474909, -0.00465204, -0.00438008,
    -0.00398244, -0.00351931, -0.00304406, -0.00259419,
    -0.00219050, -0.00184083, -0.00154482, -0.00129773,
    -0.00109311, -0.00092427, -0.00078503, -0.00067004,
    -0.00060494, -0.00070102, -0.00081510, -0.00095038,
    -0.00111021, -0.00129773, -0.00151524, -0.00176310,
    -0.00203828, -0.00233247, -0.00263036, -0.00290908,
    -0.00313999, -0.00329373, -0.00334780, -0.00329373,
    -0.00313999, -0.00290908, -0.00263036, -0.00233247,
    -0.00203828, -0.00176310, -0.00151524, -0.00129773,
    -0.00111021, -0.00095038, -0.00081510, -0.00070102,
    -0.00060494, -0.00054443, -0.00062432, -0.00071742,
    -0.00082556, -0.00095038, -0.00109311, -0.00125405,
    -0.00143194, -0.00162314, -0.00182087, -0.00201463,
    -0.00219050, -0.00233247, -0.00242522, -0.00245751,
    -0.00242522, -0.00233247, -0.00219050, -0.00201463,
    -0.00182087, -0.00162314, -0.00143194, -0.00125405,
    -0.00109311, -0.00095038, -0.00082556, -0.00071742,
    -0.00062432, -0.00054443, -0.00048893, -0.00055515,
    -0.00063101, -0.00071742, -0.00081510, -0.00092427,
    -0.00104437, -0.00117371, -0.00130905, -0.00144528,
    -0.00157537, -0.00169071, -0.00178201, -0.00184083,
    -0.00186116, -0.00184083, -0.00178201, -0.00169071,
    -0.00157537, -0.00144528, -0.00130905, -0.00117371,
    -0.00104437, -0.00092427, -0.00081510, -0.00071742,
    -0.00063101, -0.00055515, -0.00048893, -0.00043855,
    -0.00049337, -0.00055515, -0.00062432, -0.00070102,
    -0.00078503, -0.00087550, -0.00097078, -0.00106828,
    -0.00116427, -0.00125405, -0.00133218, -0.00139311,
    -0.00143194, -0.00144528, -0.00143194, -0.00139311,
    -0.00133218, -0.00125405, -0.00116427, -0.00106828,
    -0.00097078, -0.00087550, -0.00078503, -0.00070102,
    -0.00062432, -0.00055515, -0.00049337, -0.00043855,
    -0.00039319, -0.00043855, -0.00048893, -0.00054443,
    -0.00060494, -0.00067004, -0.00073885, -0.00080996,
    -0.00088135, -0.00095038, -0.00101385, -0.00106828,
    -0.00111021, -0.00113670, -0.00114577, -0.00113670,
    -0.00111021, -0.00106828, -0.00101385, -0.00095038,
    -0.00088135, -0.00080996, -0.00073885, -0.00067004,
    -0.00060494, -0.00054443, -0.00048893, -0.00043855,
    -0.00039319
);