const int kernel_size = 17;
const int P = 8;

// 17x17 kernel lookup table
const float kernel_lookup[289] = float[](
    -0.00125995, -0.00153498, -0.00186383, -0.00225556,
    -0.00267659, -0.00310750, -0.00350099, -0.00376735,
    -0.00386533, -0.00376735, -0.00350099, -0.00310750,
    -0.00267659, -0.00225556, -0.00186383, -0.00153498,
    -0.00125995, -0.00153498, -0.00192549, -0.00242512,
    -0.00304405, -0.00376735, -0.00457390, -0.00532788,
    -0.00589866, -0.00611541, -0.00589866, -0.00532788,
    -0.00457390, -0.00376735, -0.00304405, -0.00242512,
    -0.00192549, -0.00153498, -0.00186383, -0.00242512,
    -0.00318284, -0.00419142, -0.00550598, -0.00711056,
    -0.00882782, -0.01023636, -0.01079311, -0.01023636,
    -0.00882782, -0.00711056, -0.00550598, -0.00419142,
    -0.00318284, -0.00242512, -0.00186383, -0.00225556,
    -0.00304405, -0.00419142, -0.00589866, -0.00843330,
    -0.01209510, -0.01681991, -0.02135338, -0.02329043,
    -0.02135338, -0.01681991, -0.01209510, -0.00843330,
    -0.00589866, -0.00419142, -0.00304405, -0.00225556,
    -0.00267659, -0.00376735, -0.00550598, -0.00843330,
    -0.01367800, -0.02329043, -0.03820904, -0.05333665,
    -0.05972353, -0.05333665, -0.03820904, -0.02329043,
    -0.01367800, -0.00843330, -0.00550598, -0.00376735,
    -0.00267659, -0.00310750, -0.00457390, -0.00711056,
    -0.01209510, -0.02329043, -0.04762441, -0.08274835,
    -0.10529076, -0.10871011, -0.10529076, -0.08274835,
    -0.04762441, -0.02329043, -0.01209510, -0.00711056,
    -0.00457390, -0.00310750, -0.00350099, -0.00532788,
    -0.00882782, -0.01681991, -0.03820904, -0.08274835,
    -0.10692842, -0.02737665, 0.04826374, -0.02737665,
    -0.10692842, -0.08274835, -0.03820904, -0.01681991,
    -0.00882782, -0.00532788, -0.00350099, -0.00376735,
    -0.00589866, -0.01023636, -0.02135338, -0.05333665,
    -0.10529076, -0.02737665, 0.34848612, 0.61243442,
    0.34848612, -0.02737665, -0.10529076, -0.05333665,
    -0.02135338, -0.01023636, -0.00589866, -0.00376735,
    -0.00386533, -0.00611541, -0.01079311, -0.02329043,
    -0.05972353, -0.10871011, 0.04826374, 0.61243442,
    1.00000000, 0.61243442, 0.04826374, -0.10871011,
    -0.05972353, -0.02329043, -0.01079311, -0.00611541,
    -0.00386533, -0.00376735, -0.00589866, -0.01023636,
    -0.02135338, -0.05333665, -0.10529076, -0.02737665,
    0.34848612, 0.61243442, 0.34848612, -0.02737665,
    -0.10529076, -0.05333665, -0.02135338, -0.01023636,
    -0.00589866, -0.00376735, -0.00350099, -0.00532788,
    -0.00882782, -0.01681991, -0.03820904, -0.08274835,
    -0.10692842, -0.02737665, 0.04826374, -0.02737665,
    -0.10692842, -0.08274835, -0.03820904, -0.01681991,
    -0.00882782, -0.00532788, -0.00350099, -0.00310750,
    -0.00457390, -0.00711056, -0.01209510, -0.02329043,
    -0.04762441, -0.08274835, -0.10529076, -0.10871011,
    -0.10529076, -0.08274835, -0.04762441, -0.02329043,
    -0.01209510, -0.00711056, -0.00457390, -0.00310750,
    -0.00267659, -0.00376735, -0.00550598, -0.00843330,
    -0.01367800, -0.02329043, -0.03820904, -0.05333665,
    -0.05972353, -0.05333665, -0.03820904, -0.02329043,
    -0.01367800, -0.00843330, -0.00550598, -0.00376735,
    -0.00267659, -0.00225556, -0.00304405, -0.00419142,
    -0.00589866, -0.00843330, -0.01209510, -0.01681991,
    -0.02135338, -0.02329043, -0.02135338, -0.01681991,
    -0.01209510, -0.00843330, -0.00589866, -0.00419142,
    -0.00304405, -0.00225556, -0.00186383, -0.00242512,
    -0.00318284, -0.00419142, -0.00550598, -0.00711056,
    -0.00882782, -0.01023636, -0.01079311, -0.01023636,
    -0.00882782, -0.00711056, -0.00550598, -0.00419142,
    -0.00318284, -0.00242512, -0.00186383, -0.00153498,
    -0.00192549, -0.00242512, -0.00304405, -0.00376735,
    -0.00457390, -0.00532788, -0.00589866, -0.00611541,
    -0.00589866, -0.00532788, -0.00457390, -0.00376735,
    -0.00304405, -0.00242512, -0.00192549, -0.00153498,
    -0.00125995, -0.00153498, -0.00186383, -0.00225556,
    -0.00267659, -0.00310750, -0.00350099, -0.00376735,
    -0.00386533, -0.00376735, -0.00350099, -0.00310750,
    -0.00267659, -0.00225556, -0.00186383, -0.00153498,
    -0.00125995
);