const int kernel_size = 17;
const int P = 8;

// 17x17 kernel lookup table
const float kernel_lookup[289] = float[](
    -0.00168028, -0.00204788, -0.00249053, -0.00300706,
    -0.00357978, -0.00416537, -0.00469045, -0.00506183,
    -0.00519683, -0.00506183, -0.00469045, -0.00416537,
    -0.00357978, -0.00300706, -0.00249053, -0.00204788,
    -0.00168028, -0.00204788, -0.00257289, -0.00324111,
    -0.00407217, -0.00506183, -0.00615359, -0.00720745,
    -0.00799907, -0.00829685, -0.00799907, -0.00720745,
    -0.00615359, -0.00506183, -0.00407217, -0.00324111,
    -0.00257289, -0.00204788, -0.00249053, -0.00324111,
    -0.00426221, -0.00564089, -0.00745579, -0.00970422,
    -0.01214464, -0.01415911, -0.01495682, -0.01415911,
    -0.01214464, -0.00970422, -0.00745579, -0.00564089,
    -0.00426221, -0.00324111, -0.00249053, -0.00300706,
    -0.00407217, -0.00564089, -0.00799907, -0.01157790,
    -0.01678962, -0.02327690, -0.02907282, -0.03143321,
    -0.02907282, -0.02327690, -0.01678962, -0.01157790,
    -0.00799907, -0.00564089, -0.00407217, -0.00300706,
    -0.00357978, -0.00506183, -0.00745579, -0.01157790,
    -0.01900673, -0.03143321, -0.04726252, -0.05996480,
    -0.06444781, -0.05996480, -0.04726252, -0.03143321,
    -0.01900673, -0.01157790, -0.00745579, -0.00506183,
    -0.00357978, -0.00416537, -0.00615359, -0.00970422,
    -0.01678962, -0.03143321, -0.05553701, -0.07593787,
    -0.07377485, -0.06532739, -0.07377485, -0.07593787,
    -0.05553701, -0.03143321, -0.01678962, -0.00970422,
    -0.00615359, -0.00416537, -0.00469045, -0.00720745,
    -0.01214464, -0.02327690, -0.04726252, -0.07593787,
    -0.04993878, 0.07225754, 0.15642080, 0.07225754,
    -0.04993878, -0.07593787, -0.04726252, -0.02327690,
    -0.01214464, -0.00720745, -0.00469045, -0.00506183,
    -0.00799907, -0.01415911, -0.02907282, -0.05996480,
    -0.07377485, 0.07225754, 0.44456490, 0.67827661,
    0.44456490, 0.07225754, -0.07377485, -0.05996480,
    -0.02907282, -0.01415911, -0.00799907, -0.00506183,
    -0.00519683, -0.00829685, -0.01495682, -0.03143321,
    -0.06444781, -0.06532739, 0.15642080, 0.67827661,
    1.00000000, 0.67827661, 0.15642080, -0.06532739,
    -0.06444781, -0.03143321, -0.01495682, -0.00829685,
    -0.00519683, -0.00506183, -0.00799907, -0.01415911,
    -0.02907282, -0.05996480, -0.07377485, 0.07225754,
    0.44456490, 0.67827661, 0.44456490, 0.07225754,
    -0.07377485, -0.05996480, -0.02907282, -0.01415911,
    -0.00799907, -0.00506183, -0.00469045, -0.00720745,
    -0.01214464, -0.02327690, -0.04726252, -0.07593787,
    -0.04993878, 0.07225754, 0.15642080, 0.07225754,
    -0.04993878, -0.07593787, -0.04726252, -0.02327690,
    -0.01214464, -0.00720745, -0.00469045, -0.00416537,
    -0.00615359, -0.00970422, -0.01678962, -0.03143321,
    -0.05553701, -0.07593787, -0.07377485, -0.06532739,
    -0.07377485, -0.07593787, -0.05553701, -0.03143321,
    -0.01678962, -0.00970422, -0.00615359, -0.00416537,
    -0.00357978, -0.00506183, -0.00745579, -0.01157790,
    -0.01900673, -0.03143321, -0.04726252, -0.05996480,
    -0.06444781, -0.05996480, -0.04726252, -0.03143321,
    -0.01900673, -0.01157790, -0.00745579, -0.00506183,
    -0.00357978, -0.00300706, -0.00407217, -0.00564089,
    -0.00799907, -0.01157790, -0.01678962, -0.02327690,
    -0.02907282, -0.03143321, -0.02907282, -0.02327690,
    -0.01678962, -0.01157790, -0.00799907, -0.00564089,
    -0.00407217, -0.00300706, -0.00249053, -0.00324111,
    -0.00426221, -0.00564089, -0.00745579, -0.00970422,
    -0.01214464, -0.01415911, -0.01495682, -0.01415911,
    -0.01214464, -0.00970422, -0.00745579, -0.00564089,
    -0.00426221, -0.00324111, -0.00249053, -0.00204788,
    -0.00257289, -0.00324111, -0.00407217, -0.00506183,
    -0.00615359, -0.00720745, -0.00799907, -0.00829685,
    -0.00799907, -0.00720745, -0.00615359, -0.00506183,
    -0.00407217, -0.00324111, -0.00257289, -0.00204788,
    -0.00168028, -0.00204788, -0.00249053, -0.00300706,
    -0.00357978, -0.00416537, -0.00469045, -0.00506183,
    -0.00519683, -0.00506183, -0.00469045, -0.00416537,
    -0.00357978, -0.00300706, -0.00249053, -0.00204788,
    -0.00168028
);